79.43034090314593
80.63189479282924
79.04516111101422
79.11881964547294
78.6218763078962
78.52820549009638
78.72180246624035
76.1745106623723
74.81484731038411
77.29295642559345
78.96647371564593
76.788207420936
75.55216862605168
78.04096439906529
78.95870208740234
78.9414552961077
79.52513177054269
78.76863479614258
77.42092568533761
76.17278493245443
75.08454404558454
77.27516664777484
80.29009450276693
80.56684221540179
78.63455472673688
78.99165453229632
79.59920065743583
78.83411814371745
80.18189646402995
77.91482250507062
73.69990480863132
75.64612931471605
77.93103555532602
77.57880225548378
76.38149965726413
75.9019528902494
76.60017571082481
76.68799700055804
76.07565525599888
75.2542712871845
75.18822252853914
76.21678784705668
74.5361139976357
73.34375417151108
75.72837128403717
77.48809215000698
76.52137052095853
78.1477273794321
76.83487173227164
76.43349280724159
79.41176223754883
79.30720792497907
77.61759713979868
76.0472640991211
77.27416610717773
76.42335673740932
77.27359126164363
77.5366463294396
75.20131574358258
74.7493395124163
72.61318261282784
76.03323255266461
76.8695537022182
72.7028568812779
74.13257544381278
73.51525224958148
72.1084482828776
75.89327087402344
75.02404327392578
71.16488313674927
72.24075419108073
74.72348730904716
74.64081217447917
77.53342030843099
80.30973694273236
78.87439934601154
78.0047644881821
78.69840105100522
76.75809803676731
75.00613403320312
76.95185902913411
79.38988385881696
81.46143035888672
85.42657043641371
86.29241127598218
84.37460238032891
90.59042665001228
96.05093263103358
92.37323760986328
88.74338388442993
89.08387251557662
91.99778369925174
95.16317176818848
98.73895007546747
95.38161832269037
90.91411352157593
89.65327405929565
89.57526532341453
88.98348909265854
86.24935960769653
87.56159925460815
88.67024141199448
87.30854749679565
86.22262013753256
83.48833872477213
83.9369115193685
84.5852055867513
82.66788279215494
82.16070861816407
82.77987125941685
83.41829354422433
83.82961883544922
85.14637756347656
87.30391475132534
86.72422332763672
85.00059458414714
82.82159314836774
82.52143096923828
83.24644034249442
83.47530161539713
84.54742228190104
83.72356905256
85.79804447719029
86.60512924194336
85.89513448079427
86.35525410970052
85.8063610621861
86.89269358317057
88.31982040405273
87.17020893096924
85.3715810139974
84.1798110961914
84.24551137288411
85.77146504720052
86.16082865397135
84.91520690917969
83.65146077473959
82.17894417898995
81.46316419328961
84.02841186523438
86.0603012084961
82.83523132277364
85.98884244407576
92.71447071913748
92.66924869312959
91.85612726211548
93.79879150390624
93.46031475067139
90.18787078857422
85.41099820818219
83.88491719563802
82.9697499593099
82.89128875732422
85.0156733194987
85.14300994873047
84.51165974934896
84.98242543538412
84.77752787272135
88.47181091308593
92.0360595703125
88.21151733398438
87.2848134358724
89.14522552490234
89.81523933357582
90.07934356632853
87.87368186105446
87.71735950347636
90.29996958595521
88.97612651424416
83.363330078125
86.04819869995117
87.86041158040365
84.95494352068219
87.04127883911133
87.223876953125
84.84575958251953
83.20949935913086
82.46138272966657
84.85345306396485
87.1244603474935
85.1175053914388
88.97476061652688
92.8547707566626
92.13280920542019
89.48075723648071
86.33675813674927
87.43832756491268
86.2059817314148
86.34825277328491
83.88578542073567
83.2614073753357
89.67648839950562
90.14021250406901
90.39781475067139
91.62550354003906
90.99509143829346
91.28208821614584
89.98917722702026
87.82170486450195
83.64225514729817
83.37629531436119
86.63864454825365
88.7441202092558
89.76425774180788
88.69720685476392
90.31446623208753
94.54762127133661
96.31157048543294
93.5631217956543
88.23367074819711
85.30448502760667
84.8458492572491
86.87189756120954
88.87158848689153
87.11887677510579
85.09215672810872
84.28265889485677
82.15003791222206
82.8433327308068
84.45419311523438
82.7449434132984
82.19221998843004
83.49930381774902
84.0172513326009
81.91728591918945
80.10000292460124
81.72778731126051
81.01852651742789
79.78914705912273
82.4997107187907
83.5853157043457
82.57345719770952
82.52538576993075
83.02391179402669
83.83406511942546
85.68703587849934
88.34064229329427
89.3028392791748
88.63981158916766
87.47717793782552
86.06885782877605
86.52396392822266
87.74995295206706
86.63447834817505
84.82288169788687
82.55923403226413
79.4945519765218
80.29417864481609
85.27892239888509
86.6702512105306
83.91573969523112
83.28762406569261
83.83275897686298
84.27237701416016
84.7218768780048
83.99302164713542
83.46873601277669
84.07162666320801
84.10802332560222
84.02260716756184
84.51852671305339
87.33197490985577
88.71814673287528
84.53225072224934
79.86246282404119
82.14104579045222
82.76168412428636
82.73010762532552
84.32190259297688
82.65863271859976
79.98061316353935
81.21719125600961
86.01388222830636
87.94287926810128
86.51902374053324
85.7849801208844
88.82980143229166
89.24113159179687
89.48169108799526
88.99523217337472
89.30815778459821
90.43047550746373
89.33131764729818
90.94756571451823
91.95259105282162
90.07597416613774
86.2349116007487
86.53380686442057
87.24657222202846
85.52135794503349
87.90583256312779
87.57100731985909
84.19457735334124
84.06650107247489
86.5420399983724
86.90629119873047
85.6132588704427
85.14001159667968
82.69661331176758
80.37673459734235
81.30752345493862
82.36974847285222
82.6793381131517
83.56562750680106
82.41736166817802
80.55805441691655
80.15991700643478
81.03850391932896
82.70326232910156
86.76644802093506
85.8134536743164
82.75440979003906
85.09715220133464
85.02972841262817
83.60267232259115
82.46560109456381
81.60850524902344
82.7429183959961
82.75308634440104
82.57699737548828
84.35149908065796
84.7682118733724
83.09138844807943
84.11915874481201
85.38079309463501
83.68891906738281
82.05269350324359
81.64364242553711
80.60526275634766
79.27040263584682
79.99563816615513
79.45363180977958
78.85165241786412
80.74049431937081
83.12508087158203
85.05283050537109
87.30562184651693
88.19283819198608
86.1461685180664
84.70259043375651
86.63249866470895
83.66280479629195
83.72420815860524
86.28807853079299
85.13249183932929
86.14520744468162
86.9567501800619
84.48481648763021
79.5667860848563
81.11284364972796
81.7089729309082
79.83210209437779
78.5732198861929
80.36451955942007
81.36850026448568
79.1861801147461
76.92228522667519
75.77406076284555
75.84531075613839
75.80679673414964
77.22820608956474
77.47149229049683
75.73170013427735
75.37400919596354
76.97798461914063
76.62513950892857
74.39849090576172
72.58867699759347
72.7044928414481
72.62932641165597
73.43363238135163
74.84229369031853
76.22613830566407
74.44610290527343
76.13512134552002
77.88367919921875
74.8999526977539
77.2452654838562
76.41941785812378
73.54814300537109
74.27656656901041
74.635582447052
73.29147542317709
71.0643801007952
71.43494742257255
71.53093007405599
70.76510569254557
70.72428690592447
71.05936024983724
69.96972012519836
70.6954911549886
73.96895684136285
73.2411847114563
72.0970261359219
75.1953960076135
77.64534117046155
75.90585648386102
71.23668713039822
70.49609254535876
72.54050827026367
73.89070070221148
73.34045890648878
69.33495928724695
66.84966011858049
66.93653802310719
66.54570433672737
65.04881600772633
65.53254148695204
64.58452902899847
66.35958374871149
70.01323360866971
70.61761070700253
71.82272529602051
72.687575340271
70.64051011029412
68.89050472483916
68.71929001808167
70.47157859802246
72.19372982449002
73.7747392654419
75.17606925964355
73.21482950846354
72.19332231794085
73.9661148071289
76.36939096450806
77.64417826334635
78.39030151367187
78.12801767985026
76.5494019644601
77.61705235072544
78.38405049641928
77.6771388053894
77.06308355555971
77.85631742701968
79.12415027618408
78.26942920684814
79.63247299194336
81.32295989990234
81.39606565587661
79.86716715494792
77.62788645426433
77.94142150878906
75.29445920671735
72.87505645751953
72.08911991119385
72.59686638327206
76.03976525200738
76.59336987663718
76.05801289876302
75.92771196365356
77.23580304314109
80.69606823877568
79.17362017587895
77.31530100504557
77.79409739176432
76.49463704427083
74.39790749925054
76.71015647602576
77.5970230102539
75.26141139439174
76.44448634556362
85.91932861860737
90.83333523192964
86.2826460154887
87.86654017521785
78.20974095662434
71.23543334007263
78.4506970455772
85.39555062188043
86.28752658241673
89.09476724080008
93.79248219698326
92.97303350219673
89.9639794578464
86.35430563473379
83.38725280761719
82.7676684028406
82.79820937777549
81.25896235874721
81.17397471836635
81.38345285868573
80.20168249751762
77.47694749098558
77.93163006122296
78.74205956092247
77.48113414219448
78.52748380388532
80.45201437813895
80.65135737827846
79.91874284010667
80.46571878286508
80.18930435180664
79.15566744123187
80.15847661551697
80.94854830794606
79.31702695574079
77.04131862095424
78.28269958496094
80.80568949381511
